{
 "cells": [
  {
   "cell_type": "code",
   "execution_count": 2,
   "metadata": {},
   "outputs": [],
   "source": [
    "import numpy as np\n",
    "import pandas as pd"
   ]
  },
  {
   "cell_type": "code",
   "execution_count": 5,
   "metadata": {},
   "outputs": [
    {
     "data": {
      "text/plain": [
       "array([[21, 22, 23],\n",
       "       [24, 25, 26],\n",
       "       [27, 28, 29]])"
      ]
     },
     "execution_count": 5,
     "metadata": {},
     "output_type": "execute_result"
    }
   ],
   "source": [
    "A= np.arange(21,30).reshape(3,3)\n",
    "A"
   ]
  },
  {
   "cell_type": "code",
   "execution_count": 6,
   "metadata": {},
   "outputs": [
    {
     "ename": "LinAlgError",
     "evalue": "Singular matrix",
     "output_type": "error",
     "traceback": [
      "\u001b[1;31m---------------------------------------------------------------------------\u001b[0m",
      "\u001b[1;31mLinAlgError\u001b[0m                               Traceback (most recent call last)",
      "\u001b[1;32m<ipython-input-6-8f0f7cb45602>\u001b[0m in \u001b[0;36m<module>\u001b[1;34m()\u001b[0m\n\u001b[1;32m----> 1\u001b[1;33m \u001b[0mnp\u001b[0m\u001b[1;33m.\u001b[0m\u001b[0mlinalg\u001b[0m\u001b[1;33m.\u001b[0m\u001b[0minv\u001b[0m\u001b[1;33m(\u001b[0m\u001b[0mA\u001b[0m\u001b[1;33m)\u001b[0m\u001b[1;33m\u001b[0m\u001b[0m\n\u001b[0m",
      "\u001b[1;32mC:\\Anaconda2\\envs\\tensorflow\\lib\\site-packages\\numpy\\linalg\\linalg.py\u001b[0m in \u001b[0;36minv\u001b[1;34m(a)\u001b[0m\n\u001b[0;32m    511\u001b[0m     \u001b[0msignature\u001b[0m \u001b[1;33m=\u001b[0m \u001b[1;34m'D->D'\u001b[0m \u001b[1;32mif\u001b[0m \u001b[0misComplexType\u001b[0m\u001b[1;33m(\u001b[0m\u001b[0mt\u001b[0m\u001b[1;33m)\u001b[0m \u001b[1;32melse\u001b[0m \u001b[1;34m'd->d'\u001b[0m\u001b[1;33m\u001b[0m\u001b[0m\n\u001b[0;32m    512\u001b[0m     \u001b[0mextobj\u001b[0m \u001b[1;33m=\u001b[0m \u001b[0mget_linalg_error_extobj\u001b[0m\u001b[1;33m(\u001b[0m\u001b[0m_raise_linalgerror_singular\u001b[0m\u001b[1;33m)\u001b[0m\u001b[1;33m\u001b[0m\u001b[0m\n\u001b[1;32m--> 513\u001b[1;33m     \u001b[0mainv\u001b[0m \u001b[1;33m=\u001b[0m \u001b[0m_umath_linalg\u001b[0m\u001b[1;33m.\u001b[0m\u001b[0minv\u001b[0m\u001b[1;33m(\u001b[0m\u001b[0ma\u001b[0m\u001b[1;33m,\u001b[0m \u001b[0msignature\u001b[0m\u001b[1;33m=\u001b[0m\u001b[0msignature\u001b[0m\u001b[1;33m,\u001b[0m \u001b[0mextobj\u001b[0m\u001b[1;33m=\u001b[0m\u001b[0mextobj\u001b[0m\u001b[1;33m)\u001b[0m\u001b[1;33m\u001b[0m\u001b[0m\n\u001b[0m\u001b[0;32m    514\u001b[0m     \u001b[1;32mreturn\u001b[0m \u001b[0mwrap\u001b[0m\u001b[1;33m(\u001b[0m\u001b[0mainv\u001b[0m\u001b[1;33m.\u001b[0m\u001b[0mastype\u001b[0m\u001b[1;33m(\u001b[0m\u001b[0mresult_t\u001b[0m\u001b[1;33m,\u001b[0m \u001b[0mcopy\u001b[0m\u001b[1;33m=\u001b[0m\u001b[1;32mFalse\u001b[0m\u001b[1;33m)\u001b[0m\u001b[1;33m)\u001b[0m\u001b[1;33m\u001b[0m\u001b[0m\n\u001b[0;32m    515\u001b[0m \u001b[1;33m\u001b[0m\u001b[0m\n",
      "\u001b[1;32mC:\\Anaconda2\\envs\\tensorflow\\lib\\site-packages\\numpy\\linalg\\linalg.py\u001b[0m in \u001b[0;36m_raise_linalgerror_singular\u001b[1;34m(err, flag)\u001b[0m\n\u001b[0;32m     88\u001b[0m \u001b[1;33m\u001b[0m\u001b[0m\n\u001b[0;32m     89\u001b[0m \u001b[1;32mdef\u001b[0m \u001b[0m_raise_linalgerror_singular\u001b[0m\u001b[1;33m(\u001b[0m\u001b[0merr\u001b[0m\u001b[1;33m,\u001b[0m \u001b[0mflag\u001b[0m\u001b[1;33m)\u001b[0m\u001b[1;33m:\u001b[0m\u001b[1;33m\u001b[0m\u001b[0m\n\u001b[1;32m---> 90\u001b[1;33m     \u001b[1;32mraise\u001b[0m \u001b[0mLinAlgError\u001b[0m\u001b[1;33m(\u001b[0m\u001b[1;34m\"Singular matrix\"\u001b[0m\u001b[1;33m)\u001b[0m\u001b[1;33m\u001b[0m\u001b[0m\n\u001b[0m\u001b[0;32m     91\u001b[0m \u001b[1;33m\u001b[0m\u001b[0m\n\u001b[0;32m     92\u001b[0m \u001b[1;32mdef\u001b[0m \u001b[0m_raise_linalgerror_nonposdef\u001b[0m\u001b[1;33m(\u001b[0m\u001b[0merr\u001b[0m\u001b[1;33m,\u001b[0m \u001b[0mflag\u001b[0m\u001b[1;33m)\u001b[0m\u001b[1;33m:\u001b[0m\u001b[1;33m\u001b[0m\u001b[0m\n",
      "\u001b[1;31mLinAlgError\u001b[0m: Singular matrix"
     ]
    }
   ],
   "source": [
    "np.linalg.inv(A)"
   ]
  },
  {
   "cell_type": "code",
   "execution_count": 7,
   "metadata": {
    "collapsed": true
   },
   "outputs": [],
   "source": [
    "arr1 = np.arange(5,21).reshape(4,4)"
   ]
  },
  {
   "cell_type": "code",
   "execution_count": 8,
   "metadata": {},
   "outputs": [
    {
     "data": {
      "text/plain": [
       "array([[ -6.77233027e+13,   6.09509724e+14,  -1.01584954e+15,\n",
       "          4.74063119e+14],\n",
       "       [ -3.26200575e+15,   3.83765382e+15,   2.11070960e+15,\n",
       "         -2.68635767e+15],\n",
       "       [  6.72718140e+15,  -9.50383681e+15,  -1.17387058e+15,\n",
       "          3.95052599e+15],\n",
       "       [ -3.39745235e+15,   5.05667327e+15,   7.90105198e+13,\n",
       "         -1.73823144e+15]])"
      ]
     },
     "execution_count": 8,
     "metadata": {},
     "output_type": "execute_result"
    }
   ],
   "source": [
    "np.linalg.inv(arr1)"
   ]
  },
  {
   "cell_type": "code",
   "execution_count": 9,
   "metadata": {},
   "outputs": [
    {
     "data": {
      "text/plain": [
       "(array([  5.15518361e+01,  -1.55183609e+00,   2.79063957e-15,\n",
       "          1.54032832e-15]),\n",
       " array([[-0.25245732,  0.71152323, -0.23612827, -0.04170769],\n",
       "        [-0.39906523,  0.26598297,  0.68320002,  0.46267323],\n",
       "        [-0.54567314, -0.17955729, -0.65801522, -0.80022337],\n",
       "        [-0.69228106, -0.62509754,  0.21094347,  0.37925784]]))"
      ]
     },
     "execution_count": 9,
     "metadata": {},
     "output_type": "execute_result"
    }
   ],
   "source": [
    "np.linalg.eig(arr1)"
   ]
  },
  {
   "cell_type": "code",
   "execution_count": 7,
   "metadata": {},
   "outputs": [
    {
     "data": {
      "text/plain": [
       "array([ 9, 10, 11, 12])"
      ]
     },
     "execution_count": 7,
     "metadata": {},
     "output_type": "execute_result"
    }
   ],
   "source": [
    "arr1[1]"
   ]
  },
  {
   "cell_type": "code",
   "execution_count": 8,
   "metadata": {},
   "outputs": [
    {
     "data": {
      "text/plain": [
       "array([[ 5,  6,  7,  8],\n",
       "       [ 9, 10, 11, 12],\n",
       "       [13, 14, 15, 16],\n",
       "       [17, 18, 19, 20]])"
      ]
     },
     "execution_count": 8,
     "metadata": {},
     "output_type": "execute_result"
    }
   ],
   "source": [
    "arr1"
   ]
  },
  {
   "cell_type": "code",
   "execution_count": 9,
   "metadata": {},
   "outputs": [
    {
     "data": {
      "text/plain": [
       "(array([[-0.24659338, -0.79949465,  0.53529746,  0.11600272],\n",
       "        [-0.3962997 , -0.37808272, -0.80019327,  0.24431688],\n",
       "        [-0.54600602,  0.04332921, -0.00550585, -0.83664191],\n",
       "        [-0.69571235,  0.46474115,  0.27040165,  0.47632231]]),\n",
       " array([  5.32704861e+01,   1.50176966e+00,   5.10818522e-15,\n",
       "          2.71923769e-16]),\n",
       " array([[-0.4453658 , -0.48074395, -0.5161221 , -0.55150026],\n",
       "        [ 0.70827206,  0.26246   , -0.18335205, -0.6291641 ],\n",
       "        [ 0.47842046, -0.83665939,  0.23805739,  0.12018154],\n",
       "        [-0.26667182, -0.00103113,  0.80207773, -0.53437477]]))"
      ]
     },
     "execution_count": 9,
     "metadata": {},
     "output_type": "execute_result"
    }
   ],
   "source": [
    "np.linalg.svd(arr1)"
   ]
  },
  {
   "cell_type": "code",
   "execution_count": 10,
   "metadata": {
    "collapsed": true
   },
   "outputs": [],
   "source": [
    "u,s,v = np.linalg.svd(arr1)"
   ]
  },
  {
   "cell_type": "code",
   "execution_count": 11,
   "metadata": {},
   "outputs": [
    {
     "data": {
      "text/plain": [
       "array([[-0.24659338, -0.79949465,  0.53529746,  0.11600272],\n",
       "       [-0.3962997 , -0.37808272, -0.80019327,  0.24431688],\n",
       "       [-0.54600602,  0.04332921, -0.00550585, -0.83664191],\n",
       "       [-0.69571235,  0.46474115,  0.27040165,  0.47632231]])"
      ]
     },
     "execution_count": 11,
     "metadata": {},
     "output_type": "execute_result"
    }
   ],
   "source": [
    "u"
   ]
  },
  {
   "cell_type": "code",
   "execution_count": 12,
   "metadata": {},
   "outputs": [
    {
     "data": {
      "text/plain": [
       "array([[-0.24659338, -0.3962997 , -0.54600602, -0.69571235],\n",
       "       [-0.79949465, -0.37808272,  0.04332921,  0.46474115],\n",
       "       [ 0.53529746, -0.80019327, -0.00550585,  0.27040165],\n",
       "       [ 0.11600272,  0.24431688, -0.83664191,  0.47632231]])"
      ]
     },
     "execution_count": 12,
     "metadata": {},
     "output_type": "execute_result"
    }
   ],
   "source": [
    "u.T"
   ]
  },
  {
   "cell_type": "code",
   "execution_count": 13,
   "metadata": {},
   "outputs": [
    {
     "data": {
      "text/plain": [
       "array([-0.24659338, -0.3962997 , -0.54600602, -0.69571235])"
      ]
     },
     "execution_count": 13,
     "metadata": {},
     "output_type": "execute_result"
    }
   ],
   "source": [
    "u.T[0]"
   ]
  },
  {
   "cell_type": "code",
   "execution_count": 14,
   "metadata": {},
   "outputs": [
    {
     "data": {
      "text/plain": [
       "array([[  5.,   6.,   7.,   8.],\n",
       "       [  9.,  10.,  11.,  12.],\n",
       "       [ 13.,  14.,  15.,  16.],\n",
       "       [ 17.,  18.,  19.,  20.]])"
      ]
     },
     "execution_count": 14,
     "metadata": {},
     "output_type": "execute_result"
    }
   ],
   "source": [
    "s[0] * np.outer(u.T[0], v[0])+s[1] * np.outer(u.T[1], v[1])"
   ]
  },
  {
   "cell_type": "code",
   "execution_count": 15,
   "metadata": {},
   "outputs": [
    {
     "data": {
      "text/plain": [
       "array([[ 0.10982426,  0.11854828,  0.1272723 ,  0.13599632],\n",
       "       [ 0.17649833,  0.19051869,  0.20453904,  0.21855939],\n",
       "       [ 0.24317241,  0.26248909,  0.28180578,  0.30112246],\n",
       "       [ 0.30984648,  0.3344595 ,  0.35907252,  0.38368554]])"
      ]
     },
     "execution_count": 15,
     "metadata": {},
     "output_type": "execute_result"
    }
   ],
   "source": [
    "np.outer(u.T[0], v[0])"
   ]
  },
  {
   "cell_type": "code",
   "execution_count": 22,
   "metadata": {},
   "outputs": [
    {
     "data": {
      "text/plain": [
       "array([[  5.32704861e+01,   0.00000000e+00,   0.00000000e+00,\n",
       "          0.00000000e+00],\n",
       "       [  0.00000000e+00,   1.50176966e+00,   0.00000000e+00,\n",
       "          0.00000000e+00],\n",
       "       [  0.00000000e+00,   0.00000000e+00,   2.67585814e-15,\n",
       "          0.00000000e+00],\n",
       "       [  0.00000000e+00,   0.00000000e+00,   0.00000000e+00,\n",
       "          2.33010163e-16]])"
      ]
     },
     "execution_count": 22,
     "metadata": {},
     "output_type": "execute_result"
    }
   ],
   "source": [
    "np.diag(s)"
   ]
  },
  {
   "cell_type": "code",
   "execution_count": 23,
   "metadata": {},
   "outputs": [
    {
     "data": {
      "text/plain": [
       "array([[ -1.31361495e+01,  -1.20065682e+00,   1.46012275e-15,\n",
       "          1.10513070e-17],\n",
       "       [ -2.11110779e+01,  -5.67793161e-01,  -2.04142477e-15,\n",
       "          8.00336174e-17],\n",
       "       [ -2.90860064e+01,   6.50704971e-02,  -2.97518703e-16,\n",
       "         -1.93221156e-16],\n",
       "       [ -3.70609348e+01,   6.97934155e-01,   8.78820727e-16,\n",
       "          1.02136231e-16]])"
      ]
     },
     "execution_count": 23,
     "metadata": {},
     "output_type": "execute_result"
    }
   ],
   "source": [
    "np.dot(u,np.diag(s))"
   ]
  },
  {
   "cell_type": "code",
   "execution_count": 24,
   "metadata": {
    "collapsed": true
   },
   "outputs": [],
   "source": [
    "sprim=[s[0],0,0,0]"
   ]
  },
  {
   "cell_type": "code",
   "execution_count": 25,
   "metadata": {
    "collapsed": true
   },
   "outputs": [],
   "source": [
    "sprimdiag=np.diag(sprim)"
   ]
  },
  {
   "cell_type": "code",
   "execution_count": 26,
   "metadata": {},
   "outputs": [
    {
     "data": {
      "text/plain": [
       "array([[ 53.27048609,   0.        ,   0.        ,   0.        ],\n",
       "       [  0.        ,   0.        ,   0.        ,   0.        ],\n",
       "       [  0.        ,   0.        ,   0.        ,   0.        ],\n",
       "       [  0.        ,   0.        ,   0.        ,   0.        ]])"
      ]
     },
     "execution_count": 26,
     "metadata": {},
     "output_type": "execute_result"
    }
   ],
   "source": [
    "sprimdiag"
   ]
  },
  {
   "cell_type": "code",
   "execution_count": 27,
   "metadata": {},
   "outputs": [
    {
     "data": {
      "text/plain": [
       "array([[-13.13614948,   0.        ,   0.        ,   0.        ],\n",
       "       [-21.11107792,   0.        ,   0.        ,   0.        ],\n",
       "       [-29.08600636,   0.        ,   0.        ,   0.        ],\n",
       "       [-37.0609348 ,   0.        ,   0.        ,   0.        ]])"
      ]
     },
     "execution_count": 27,
     "metadata": {},
     "output_type": "execute_result"
    }
   ],
   "source": [
    "np.dot(u,sprimdiag)"
   ]
  },
  {
   "cell_type": "code",
   "execution_count": 29,
   "metadata": {},
   "outputs": [
    {
     "data": {
      "text/plain": [
       "array([[-0.24659338,  0.        ,  0.        ,  0.        ],\n",
       "       [-0.3962997 ,  0.        ,  0.        ,  0.        ],\n",
       "       [-0.54600602,  0.        ,  0.        ,  0.        ],\n",
       "       [-0.69571235,  0.        ,  0.        ,  0.        ]])"
      ]
     },
     "execution_count": 29,
     "metadata": {},
     "output_type": "execute_result"
    }
   ],
   "source": [
    "np.dot(u,np.diag([1,0,0,0]))"
   ]
  },
  {
   "cell_type": "code",
   "execution_count": 30,
   "metadata": {},
   "outputs": [
    {
     "data": {
      "text/plain": [
       "array([[  5.85039168,   6.31512439,   6.77985711,   7.24458983],\n",
       "       [  9.40215203,  10.149023  ,  10.89589396,  11.64276493],\n",
       "       [ 12.95391239,  13.9829216 ,  15.01193081,  16.04094002],\n",
       "       [ 16.50567274,  17.8168202 ,  19.12796766,  20.43911511]])"
      ]
     },
     "execution_count": 30,
     "metadata": {},
     "output_type": "execute_result"
    }
   ],
   "source": [
    "s[0] * np.outer(u.T[0], v[0])"
   ]
  },
  {
   "cell_type": "code",
   "execution_count": 31,
   "metadata": {},
   "outputs": [
    {
     "data": {
      "text/plain": [
       "53.270486086347852"
      ]
     },
     "execution_count": 31,
     "metadata": {},
     "output_type": "execute_result"
    }
   ],
   "source": [
    "s[0]"
   ]
  },
  {
   "cell_type": "code",
   "execution_count": 32,
   "metadata": {},
   "outputs": [
    {
     "data": {
      "text/plain": [
       "array([[ 0.10982426,  0.11854828,  0.1272723 ,  0.13599632],\n",
       "       [ 0.17649833,  0.19051869,  0.20453904,  0.21855939],\n",
       "       [ 0.24317241,  0.26248909,  0.28180578,  0.30112246],\n",
       "       [ 0.30984648,  0.3344595 ,  0.35907252,  0.38368554]])"
      ]
     },
     "execution_count": 32,
     "metadata": {},
     "output_type": "execute_result"
    }
   ],
   "source": [
    "np.outer(u.T[0], v[0])"
   ]
  },
  {
   "cell_type": "code",
   "execution_count": 33,
   "metadata": {},
   "outputs": [
    {
     "data": {
      "text/plain": [
       "array([[ 0.99999999,  1.07943616,  1.15887234,  1.23830851],\n",
       "       [ 1.60709786,  1.73475957,  1.86242127,  1.99008297],\n",
       "       [ 2.21419574,  2.39008297,  2.5659702 ,  2.74185744],\n",
       "       [ 2.82129361,  3.04540637,  3.26951913,  3.4936319 ]])"
      ]
     },
     "execution_count": 33,
     "metadata": {},
     "output_type": "execute_result"
    }
   ],
   "source": [
    "np.outer(u.T[0], v[0])*(1/0.10982426)"
   ]
  },
  {
   "cell_type": "code",
   "execution_count": 36,
   "metadata": {},
   "outputs": [
    {
     "data": {
      "text/plain": [
       "array([[ 0.62223965,  0.67166799,  0.72109632,  0.77052466],\n",
       "       [ 1.00000002,  1.07943619,  1.15887237,  1.23830854],\n",
       "       [ 1.37776039,  1.4872044 ,  1.59664841,  1.70609243],\n",
       "       [ 1.75552076,  1.89497261,  2.03442446,  2.17387631]])"
      ]
     },
     "execution_count": 36,
     "metadata": {},
     "output_type": "execute_result"
    }
   ],
   "source": [
    "np.outer(u.T[0], v[0])*(1/0.17649833)"
   ]
  },
  {
   "cell_type": "code",
   "execution_count": null,
   "metadata": {
    "collapsed": true
   },
   "outputs": [],
   "source": [
    "np.outer(u.T[0], v[0])"
   ]
  },
  {
   "cell_type": "code",
   "execution_count": null,
   "metadata": {
    "collapsed": true
   },
   "outputs": [],
   "source": []
  }
 ],
 "metadata": {
  "kernelspec": {
   "display_name": "Python 3",
   "language": "python",
   "name": "python3"
  },
  "language_info": {
   "codemirror_mode": {
    "name": "ipython",
    "version": 3
   },
   "file_extension": ".py",
   "mimetype": "text/x-python",
   "name": "python",
   "nbconvert_exporter": "python",
   "pygments_lexer": "ipython3",
   "version": "3.6.2"
  }
 },
 "nbformat": 4,
 "nbformat_minor": 2
}
